 
0.000000, 0.000000, 1089 
30.252579, -97.737488, 818 
30.252560, -97.737480, 822 
30.252434, -97.737526, 653 
30.252419, -97.737610, 2208 
30.252407, -97.737709, 3243 
30.252399, -97.737831, 3818 
30.252382, -97.737938, 4272 
30.252361, -97.738022, 5040 
30.252342, -97.738129, 5228 
30.252317, -97.738235, 5332 
30.252285, -97.738335, 5649 
30.252251, -97.738419, 5906 
30.252209, -97.738487, 6263 
30.252172, -97.738556, 6642 
30.252144, -97.738632, 7119 
30.252110, -97.738693, 7088 
30.252081, -97.738762, 6996 
30.252048, -97.738808, 7055 
30.252045, -97.738770, 7094 
30.252039, -97.738708, 7138 
30.252020, -97.738647, 7076 
30.252003, -97.738586, 7210 
30.251976, -97.738541, 7261 
30.252048, -97.738556, 7082 
30.252150, -97.738586, 6741 
30.252258, -97.738602, 6332 
30.252365, -97.738602, 6079 
30.252460, -97.738579, 5970 
30.252541, -97.738564, 5985 
30.252619, -97.738647, 6110 
30.252699, -97.738724, 6350 
30.252689, -97.738800, 6540 
30.252659, -97.738892, 6542 
30.252621, -97.738968, 6223 
30.252573, -97.739044, 5935 
30.252520, -97.739113, 5879 
30.252457, -97.739174, 6411 
30.252390, -97.739227, 6593 
30.252323, -97.739265, 6510 
30.252253, -97.739288, 6358 
30.252222, -97.739342, 6020 
30.252281, -97.739433, 5645 
30.252337, -97.739532, 5575 
30.252424, -97.739532, 6107 
30.252522, -97.739502, 6450 
30.252607, -97.739456, 6322 
30.252693, -97.739403, 5873 
30.252779, -97.739349, 5684 
30.252859, -97.739281, 6524 
30.252932, -97.739212, 6795 
30.252998, -97.739128, 6376 
30.253061, -97.739120, 6497 
30.253143, -97.739197, 6540 
30.253172, -97.739273, 6563 
30.253143, -97.739357, 6660 
30.253107, -97.739449, 6015 
30.253084, -97.739532, 5619 
30.253065, -97.739616, 5671 
30.253042, -97.739693, 5652 
30.253016, -97.739754, 5505 
30.252974, -97.739815, 5211 
30.252930, -97.739868, 5252 
30.252886, -97.739906, 5576 
30.252829, -97.739914, 5977 
30.252773, -97.739906, 6102 
30.252726, -97.739876, 6146 
30.252798, -97.739868, 5983 
30.252903, -97.739891, 5457 
30.253004, -97.739899, 4784 
30.253096, -97.739876, 5083 
30.253185, -97.739853, 5468 
30.253277, -97.739822, 5843 
30.253365, -97.739784, 5970 
30.253456, -97.739738, 6289 
30.253538, -97.739708, 6690 
30.253603, -97.739632, 6483 
30.253675, -97.739655, 6591 
30.253769, -97.739723, 6650 
30.253836, -97.739799, 6566 
30.253826, -97.739883, 6379 
30.253799, -97.739967, 6334 
30.253771, -97.740051, 5510 
30.253744, -97.740128, 5327 
30.253716, -97.740196, 5237 
30.253683, -97.740257, 5254 
30.253630, -97.740295, 5238 
30.253567, -97.740303, 4971 
30.253525, -97.740349, 4908 
30.253565, -97.740448, 4976 
30.253601, -97.740547, 5006 
30.253668, -97.740570, 5119 
30.253761, -97.740524, 5521 
30.253857, -97.740471, 5742 
30.253948, -97.740410, 5698 
30.254032, -97.740356, 5727 
30.254099, -97.740288, 5753 
30.254164, -97.740257, 5604 
30.254261, -97.740288, 5847 
30.254362, -97.740318, 5843 
30.254389, -97.740395, 5763 
30.254379, -97.740486, 5484 
30.254360, -97.740578, 5331 
30.254333, -97.740669, 5245 
30.254299, -97.740761, 5439 
30.254255, -97.740845, 5347 
30.254202, -97.740906, 5111 
30.254141, -97.740959, 4723 
30.254154, -97.741035, 4613 
30.254240, -97.741089, 4856 
30.254328, -97.741150, 4941 
30.254410, -97.741211, 4840 
30.254505, -97.741226, 4806 
30.254587, -97.741165, 4993 
30.254662, -97.741112, 4810 
30.254728, -97.741043, 4614 
30.254789, -97.740974, 4888 
30.254847, -97.740906, 4717 
30.254902, -97.740822, 5271 
30.254940, -97.740746, 5494 
30.254936, -97.740669, 5562 
30.254864, -97.740616, 5609 
30.254795, -97.740562, 5551 
30.254719, -97.740532, 5584 
30.254641, -97.740517, 5481 
30.254564, -97.740501, 5586 
30.254498, -97.740486, 5528 
30.254440, -97.740463, 5550 
30.254379, -97.740448, 5441 
30.254324, -97.740440, 5487 
30.254276, -97.740433, 5369 
30.254225, -97.740425, 5441 
30.254175, -97.740410, 5527 
30.254129, -97.740395, 5639 
30.254082, -97.740379, 5642 
30.254040, -97.740356, 5708 
30.253994, -97.740334, 5727 
30.253965, -97.740349, 5597 
30.253931, -97.740349, 5735 
30.253901, -97.740364, 5771 
30.253866, -97.740356, 5706 
30.253843, -97.740372, 5703 
30.253819, -97.740379, 5669 
30.253798, -97.740387, 5625 
30.253769, -97.740387, 5631 
30.253740, -97.740387, 5559 
30.253710, -97.740387, 5470 
30.253685, -97.740379, 5279 
30.253654, -97.740379, 5192 
30.253620, -97.740387, 5017 
30.253588, -97.740425, 5005 
30.253546, -97.740440, 4986 
30.253496, -97.740402, 4866 
30.253441, -97.740379, 4865 
30.253387, -97.740341, 4877 
30.253330, -97.740288, 4908 
30.253265, -97.740242, 5136 
30.253202, -97.740189, 5142 
30.253145, -97.740150, 4969 
30.253084, -97.740112, 4256 
30.253029, -97.740059, 4267 
30.252968, -97.740005, 4917 
30.252911, -97.739944, 5479 
30.252853, -97.739899, 5884 
30.252800, -97.739853, 6077 
30.252752, -97.739807, 6231 
30.252701, -97.739754, 6347 
30.252649, -97.739708, 6446 
30.252600, -97.739662, 6487 
30.252552, -97.739624, 6452 
30.252512, -97.739609, 6359 
30.252474, -97.739601, 6246 
30.252439, -97.739571, 6123 
30.252401, -97.739540, 6043 
30.252365, -97.739487, 5948 
30.252323, -97.739426, 5908 
30.252283, -97.739357, 6036 
30.252247, -97.739296, 6364 
30.252209, -97.739227, 6625 
30.252171, -97.739166, 6716 
30.252136, -97.739090, 6828 
30.252125, -97.739006, 6814 
30.252113, -97.738922, 6864 
30.252092, -97.738831, 7062 
30.252069, -97.738747, 7116 
30.252043, -97.738663, 7125 
30.251997, -97.738594, 7290 
30.251965, -97.738548, 7226 
30.251989, -97.738503, 7311 
30.252043, -97.738441, 7251 
30.252090, -97.738388, 6728 
30.252144, -97.738335, 6022 
30.252201, -97.738281, 5797 
30.252230, -97.738205, 5563 
30.252239, -97.738129, 5252 
30.252243, -97.738045, 5310 
30.252241, -97.737968, 5118 
30.252289, -97.737915, 4766 
30.252344, -97.737862, 4305 
30.252398, -97.737793, 3605 
30.252441, -97.737732, 2750 
30.252485, -97.737671, 604 
30.252464, -97.737656, 651 
30.252462, -97.737579, 305 
30.252476, -97.737541, 39195 
30.252478, -97.737518, 26646